88437
36688
90624
498202
452361
480927
261281
357312
208599
327993
97045
156415
495163
72915
337662
203081
500741
316158
247529
11279
499801
493619
408235
494369
243631
98397
197045
255420
152084
448108
498970
21709
116637
64575
501465
298468
373568
319968
176846
213615
178949
172939
496806
489562
457091
8941
313709
491009
283479
54299
402824
269737
500913
179619
501486
181529
37799
502147
482123
438129
496511
267343
288405
392460
452977
504224
240605
304900
216991
188110
294855
416879
449918
433570
315422
1897
503635
505668
266423
376960
155514
152368
503855
